0,002 0,00199401
0,003 0,00298801
0,004 0,00398003
0,005 0,00497006
0,006 0,00595809
0,007 0,00694414
0,008 0,0079282
0,009 0,00891029
0,01 0,00989038
0,011 0,0108685
0,012 0,0118446
0,013 0,0128188
0,014 0,013791
0,015 0,0147612
0,016 0,0157295
0,017 0,0166958
0,018 0,0176601
0,019 0,0186225
0,02 0,0195829
0,021 0,0205413
0,022 0,0214978
0,023 0,0224523
0,024 0,0234049
0,025 0,0243555
0,026 0,0253042
0,027 0,0262509
0,028 0,0271957
0,029 0,0281386
0,03 0,0290795
0,031 0,0300184
0,032 0,0309554
0,033 0,0318905
0,034 0,0328237
0,035 0,0337549
0,036 0,0346842
0,037 0,0356116
0,038 0,036537
0,039 0,0374605
0,04 0,0383821
0,041 0,0393018
0,042 0,0402196
0,043 0,0411354
0,044 0,0420494
0,045 0,0429614
0,046 0,0438715
0,047 0,0447797
0,048 0,045686
0,049 0,0465904
0,05 0,0474929
0,051 0,0483935
0,052 0,0492922
0,053 0,050189
0,054 0,051084
0,055 0,051977
0,056 0,0528681
0,057 0,0537574
0,058 0,0546447
0,059 0,0555302
0,06 0,0564138
0,061 0,0572955
0,062 0,0581754
0,063 0,0590533
0,064 0,0599294
0,065 0,0608037
0,066 0,061676
0,067 0,0625465
0,068 0,0634151
0,069 0,0642819
0,07 0,0651468
0,071 0,0660098
0,072 0,066871
0,073 0,0677303
0,074 0,0685878
0,075 0,0694434
0,076 0,0702972
0,077 0,0711492
0,078 0,0719992
0,079 0,0728475
0,08 0,0736939
0,081 0,0745384
0,082 0,0753812
0,083 0,0762221
0,084 0,0770611
0,085 0,0778983
0,086 0,0787337
0,087 0,0795673
0,088 0,080399
0,089 0,081229
0,09 0,0820571
0,091 0,0828833
0,092 0,0837078
0,093 0,0845305
0,094 0,0853513
0,095 0,0861703
0,096 0,0869875
0,097 0,0878029
0,098 0,0886165
0,099 0,0894283
0,1 0,0902383
0,101 0,0910466
0,102 0,091853
0,103 0,0926576
0,104 0,0934604
0,105 0,0942614
0,106 0,0950606
0,107 0,0958581
0,108 0,0966538
0,109 0,0974476
0,11 0,0982397
0,111 0,0990301
0,112 0,0998186
0,113 0,100605
0,114 0,10139
0,115 0,102174
0,116 0,102955
0,117 0,103735
0,118 0,104513
0,119 0,105289
0,12 0,106063
0,121 0,106836
0,122 0,107607
0,123 0,108376
0,124 0,109143
0,125 0,109909
0,126 0,110673
0,127 0,111435
0,128 0,112195
0,129 0,112954
0,13 0,113711
0,131 0,114466
0,132 0,115219
0,133 0,115971
0,134 0,116721
0,135 0,117469
0,136 0,118216
0,137 0,118961
0,138 0,119704
0,139 0,120445
0,14 0,121184
0,141 0,121922
0,142 0,122659
0,143 0,123393
0,144 0,124126
0,145 0,124857
0,146 0,125586
0,147 0,126314
0,148 0,12704
0,149 0,127764
0,15 0,128486
0,151 0,129207
0,152 0,129926
0,153 0,130644
0,154 0,131359
0,155 0,132073
0,156 0,132786
0,157 0,133496
0,158 0,134205
0,159 0,134913
0,16 0,135618
0,161 0,136322
0,162 0,137024
0,163 0,137725
0,164 0,138424
0,165 0,139121
0,166 0,139817
0,167 0,14051
0,168 0,141203
0,169 0,141893
0,17 0,142582
0,171 0,143269
0,172 0,143955
0,173 0,144639
0,174 0,145321
0,175 0,146002
0,176 0,146681
0,177 0,147358
0,178 0,148034
0,179 0,148708
0,18 0,14938
0,181 0,150051
0,182 0,15072
0,183 0,151388
0,184 0,152053
0,185 0,152718
0,186 0,15338
0,187 0,154041
0,188 0,154701
0,189 0,155358
0,19 0,156014
0,191 0,156669
0,192 0,157322
0,193 0,157973
0,194 0,158623
0,195 0,159271
0,196 0,159917
0,197 0,160562
0,198 0,161205
0,199 0,161847
0,2 0,162487
0,201 0,163125
0,202 0,163762
0,203 0,164397
0,204 0,165031
0,205 0,165663
0,206 0,166293
0,207 0,166922
0,208 0,167549
0,209 0,168175
0,21 0,168799
0,211 0,169422
0,212 0,170043
0,213 0,170662
0,214 0,17128
0,215 0,171896
0,216 0,172511
0,217 0,173124
0,218 0,173735
0,219 0,174345
0,22 0,174954
0,221 0,17556
0,222 0,176166
0,223 0,176769
0,224 0,177372
0,225 0,177972
0,226 0,178571
0,227 0,179169
0,228 0,179765
0,229 0,180359
0,23 0,180952
0,231 0,181544
0,232 0,182133
0,233 0,182722
0,234 0,183308
0,235 0,183894
0,236 0,184477
0,237 0,185059
0,238 0,18564
0,239 0,186219
0,24 0,186797
0,241 0,187373
0,242 0,187947
0,243 0,188521
0,244 0,189092
0,245 0,189662
0,246 0,190231
0,247 0,190798
0,248 0,191363
0,249 0,191927
0,25 0,19249
0,251 0,193051
0,252 0,19361
0,253 0,194168
0,254 0,194725
0,255 0,19528
0,256 0,195833
0,257 0,196385
0,258 0,196936
0,259 0,197485
0,26 0,198033
0,261 0,198579
0,262 0,199123
0,263 0,199666
0,264 0,200208
0,265 0,200748
0,266 0,201287
0,267 0,201824
0,268 0,20236
0,269 0,202895
0,27 0,203427
0,271 0,203959
0,272 0,204489
0,273 0,205017
0,274 0,205545
0,275 0,20607
0,276 0,206594
0,277 0,207117
0,278 0,207638
0,279 0,208158
0,28 0,208677
0,281 0,209194
0,282 0,209709
0,283 0,210223
0,284 0,210736
0,285 0,211247
0,286 0,211757
0,287 0,212265
0,288 0,212772
0,289 0,213278
0,29 0,213782
0,291 0,214284
0,292 0,214786
0,293 0,215286
0,294 0,215784
0,295 0,216281
0,296 0,216777
0,297 0,217271
0,298 0,217764
0,299 0,218255
0,3 0,218745
0,301 0,219234
0,302 0,219721
0,303 0,220207
0,304 0,220691
0,305 0,221174
0,306 0,221656
0,307 0,222136
0,308 0,222615
0,309 0,223092
0,31 0,223568
0,311 0,224043
0,312 0,224516
0,313 0,224988
0,314 0,225459
0,315 0,225928
0,316 0,226396
0,317 0,226863
0,318 0,227328
0,319 0,227792
0,32 0,228254
0,321 0,228715
0,322 0,229175
0,323 0,229633
0,324 0,23009
0,325 0,230546
0,326 0,231
0,327 0,231453
0,328 0,231904
0,329 0,232355
0,33 0,232804
0,331 0,233251
0,332 0,233697
0,333 0,234142
0,334 0,234586
0,335 0,235028
0,336 0,235469
0,337 0,235908
0,338 0,236347
0,339 0,236784
0,34 0,237219
0,341 0,237653
0,342 0,238086
0,343 0,238518
0,344 0,238948
0,345 0,239377
0,346 0,239805
0,347 0,240232
0,348 0,240657
0,349 0,24108
0,35 0,241503
0,351 0,241924
0,352 0,242344
0,353 0,242763
0,354 0,24318
0,355 0,243596
0,356 0,244011
0,357 0,244424
0,358 0,244836
0,359 0,245247
0,36 0,245657
0,361 0,246065
0,362 0,246472
0,363 0,246878
0,364 0,247282
0,365 0,247686
0,366 0,248088
0,367 0,248488
0,368 0,248888
0,369 0,249286
0,37 0,249683
0,371 0,250078
0,372 0,250473
0,373 0,250866
0,374 0,251258
0,375 0,251648
0,376 0,252038
0,377 0,252426
0,378 0,252813
0,379 0,253199
0,38 0,253583
0,381 0,253966
0,382 0,254348
0,383 0,254729
0,384 0,255108
0,385 0,255486
0,386 0,255863
0,387 0,256239
0,388 0,256614
0,389 0,256987
0,39 0,257359
0,391 0,25773
0,392 0,2581
0,393 0,258468
0,394 0,258835
0,395 0,259201
0,396 0,259566
0,397 0,25993
0,398 0,260292
0,399 0,260653
0,4 0,261013
0,401 0,261372
0,402 0,26173
0,403 0,262086
0,404 0,262441
0,405 0,262795
0,406 0,263148
0,407 0,2635
0,408 0,26385
0,409 0,2642
0,41 0,264548
0,411 0,264895
0,412 0,26524
0,413 0,265585
0,414 0,265928
0,415 0,266271
0,416 0,266612
0,417 0,266952
0,418 0,26729
0,419 0,267628
0,42 0,267964
0,421 0,2683
0,422 0,268634
0,423 0,268967
0,424 0,269298
0,425 0,269629
0,426 0,269958
0,427 0,270287
0,428 0,270614
0,429 0,27094
0,43 0,271265
0,431 0,271589
0,432 0,271911
0,433 0,272233
0,434 0,272553
0,435 0,272872
0,436 0,27319
0,437 0,273507
0,438 0,273823
0,439 0,274138
0,44 0,274452
0,441 0,274764
0,442 0,275075
0,443 0,275386
0,444 0,275695
0,445 0,276003
0,446 0,27631
0,447 0,276616
0,448 0,27692
0,449 0,277224
0,45 0,277526
0,451 0,277828
0,452 0,278128
0,453 0,278427
0,454 0,278725
0,455 0,279022
0,456 0,279318
0,457 0,279613
0,458 0,279907
0,459 0,2802
0,46 0,280491
0,461 0,280782
0,462 0,281071
0,463 0,28136
0,464 0,281647
0,465 0,281933
0,466 0,282218
0,467 0,282502
0,468 0,282785
0,469 0,283067
0,47 0,283348
0,471 0,283628
0,472 0,283907
0,473 0,284185
0,474 0,284461
0,475 0,284737
0,476 0,285011
0,477 0,285285
0,478 0,285557
0,479 0,285829
0,48 0,286099
0,481 0,286369
0,482 0,286637
0,483 0,286904
0,484 0,287171
0,485 0,287436
0,486 0,2877
0,487 0,287963
0,488 0,288225
0,489 0,288486
0,49 0,288746
0,491 0,289006
0,492 0,289264
0,493 0,289521
0,494 0,289777
0,495 0,290032
0,496 0,290286
0,497 0,290539
0,498 0,290791
0,499 0,291042
0,5 0,291292
0,501 0,291541
0,502 0,291789
0,503 0,292036
0,504 0,292282
0,505 0,292527
0,506 0,292771
0,507 0,293014
0,508 0,293256
0,509 0,293497
0,51 0,293737
0,511 0,293976
0,512 0,294214
0,513 0,294452
0,514 0,294688
0,515 0,294923
0,516 0,295157
0,517 0,295391
0,518 0,295623
0,519 0,295854
0,52 0,296085
0,521 0,296314
0,522 0,296543
0,523 0,29677
0,524 0,296997
0,525 0,297222
0,526 0,297447
0,527 0,297671
0,528 0,297893
0,529 0,298115
0,53 0,298336
0,531 0,298556
0,532 0,298775
0,533 0,298993
0,534 0,29921
0,535 0,299427
0,536 0,299642
0,537 0,299856
0,538 0,30007
0,539 0,300282
0,54 0,300494
0,541 0,300705
0,542 0,300914
0,543 0,301123
0,544 0,301331
0,545 0,301538
0,546 0,301744
0,547 0,301949
0,548 0,302154
0,549 0,302357
0,55 0,30256
0,551 0,302761
0,552 0,302962
0,553 0,303162
0,554 0,303361
0,555 0,303559
0,556 0,303756
0,557 0,303952
0,558 0,304147
0,559 0,304342
0,56 0,304536
0,561 0,304728
0,562 0,30492
0,563 0,305111
0,564 0,305301
0,565 0,30549
0,566 0,305679
0,567 0,305866
0,568 0,306053
0,569 0,306239
0,57 0,306424
0,571 0,306608
0,572 0,306791
0,573 0,306973
0,574 0,307155
0,575 0,307335
0,576 0,307515
0,577 0,307694
0,578 0,307872
0,579 0,308049
0,58 0,308226
0,581 0,308401
0,582 0,308576
0,583 0,30875
0,584 0,308923
0,585 0,309095
0,586 0,309266
0,587 0,309437
0,588 0,309607
0,589 0,309776
0,59 0,309944
0,591 0,310111
0,592 0,310278
0,593 0,310443
0,594 0,310608
0,595 0,310772
0,596 0,310935
0,597 0,311098
0,598 0,311259
0,599 0,31142
0,6 0,31158
0,601 0,311739
0,602 0,311898
0,603 0,312055
0,604 0,312212
0,605 0,312368
0,606 0,312523
0,607 0,312678
0,608 0,312832
0,609 0,312984
0,61 0,313136
0,611 0,313288
0,612 0,313438
0,613 0,313588
0,614 0,313737
0,615 0,313885
0,616 0,314033
0,617 0,314179
0,618 0,314325
0,619 0,314471
0,62 0,314615
0,621 0,314759
0,622 0,314901
0,623 0,315044
0,624 0,315185
0,625 0,315326
0,626 0,315466
0,627 0,315605
0,628 0,315743
0,629 0,315881
0,63 0,316018
0,631 0,316154
0,632 0,316289
0,633 0,316424
0,634 0,316558
0,635 0,316691
0,636 0,316824
0,637 0,316955
0,638 0,317086
0,639 0,317217
0,64 0,317346
0,641 0,317475
0,642 0,317603
0,643 0,317731
0,644 0,317857
0,645 0,317983
0,646 0,318109
0,647 0,318233
0,648 0,318357
0,649 0,318481
0,65 0,318603
0,651 0,318725
0,652 0,318846
0,653 0,318966
0,654 0,319086
0,655 0,319205
0,656 0,319323
0,657 0,319441
0,658 0,319558
0,659 0,319674
0,66 0,31979
0,661 0,319905
0,662 0,320019
0,663 0,320133
0,664 0,320246
0,665 0,320358
0,666 0,320469
0,667 0,32058
0,668 0,32069
0,669 0,3208
0,67 0,320909
0,671 0,321017
0,672 0,321125
0,673 0,321232
0,674 0,321338
0,675 0,321444
0,676 0,321549
0,677 0,321653
0,678 0,321757
0,679 0,32186
0,68 0,321962
0,681 0,322064
0,682 0,322165
0,683 0,322265
0,684 0,322365
0,685 0,322464
0,686 0,322563
0,687 0,322661
0,688 0,322758
0,689 0,322855
0,69 0,322951
0,691 0,323047
0,692 0,323142
0,693 0,323236
0,694 0,323329
0,695 0,323422
0,696 0,323515
0,697 0,323607
0,698 0,323698
0,699 0,323788
0,7 0,323878
0,701 0,323968
0,702 0,324057
0,703 0,324145
0,704 0,324232
0,705 0,32432
0,706 0,324406
0,707 0,324492
0,708 0,324577
0,709 0,324662
0,71 0,324746
0,711 0,324829
0,712 0,324912
0,713 0,324995
0,714 0,325076
0,715 0,325158
0,716 0,325238
0,717 0,325318
0,718 0,325398
0,719 0,325477
0,72 0,325555
0,721 0,325633
0,722 0,32571
0,723 0,325787
0,724 0,325863
0,725 0,325939
0,726 0,326014
0,727 0,326089
0,728 0,326163
0,729 0,326236
0,73 0,326309
0,731 0,326381
0,732 0,326453
0,733 0,326524
0,734 0,326595
0,735 0,326665
0,736 0,326735
0,737 0,326804
0,738 0,326873
0,739 0,326941
0,74 0,327009
0,741 0,327076
0,742 0,327142
0,743 0,327208
0,744 0,327274
0,745 0,327339
0,746 0,327403
0,747 0,327467
0,748 0,327531
0,749 0,327594
0,75 0,327656
0,751 0,327718
0,752 0,32778
0,753 0,327841
0,754 0,327901
0,755 0,327961
0,756 0,328021
0,757 0,32808
0,758 0,328139
0,759 0,328197
0,76 0,328254
0,761 0,328311
0,762 0,328368
0,763 0,328424
0,764 0,32848
0,765 0,328535
0,766 0,32859
0,767 0,328644
0,768 0,328698
0,769 0,328751
0,77 0,328804
0,771 0,328857
0,772 0,328909
0,773 0,32896
0,774 0,329011
0,775 0,329062
0,776 0,329112
0,777 0,329162
0,778 0,329211
0,779 0,32926
0,78 0,329308
0,781 0,329356
0,782 0,329404
0,783 0,329451
0,784 0,329498
0,785 0,329544
0,786 0,32959
0,787 0,329635
0,788 0,32968
0,789 0,329724
0,79 0,329769
0,791 0,329812
0,792 0,329855
0,793 0,329898
0,794 0,329941
0,795 0,329983
0,796 0,330024
0,797 0,330066
0,798 0,330106
0,799 0,330147
0,8 0,330187
0,801 0,330226
0,802 0,330266
0,803 0,330304
0,804 0,330343
0,805 0,330381
0,806 0,330418
0,807 0,330456
0,808 0,330493
0,809 0,330529
0,81 0,330565
0,811 0,330601
0,812 0,330636
0,813 0,330671
0,814 0,330706
0,815 0,33074
0,816 0,330774
0,817 0,330807
0,818 0,330841
0,819 0,330873
0,82 0,330906
0,821 0,330938
0,822 0,330969
0,823 0,331001
0,824 0,331032
0,825 0,331062
0,826 0,331093
0,827 0,331123
0,828 0,331152
0,829 0,331181
0,83 0,33121
0,831 0,331239
0,832 0,331267
0,833 0,331295
0,834 0,331322
0,835 0,33135
0,836 0,331377
0,837 0,331403
0,838 0,331429
0,839 0,331455
0,84 0,331481
0,841 0,331506
0,842 0,331531
0,843 0,331556
0,844 0,33158
0,845 0,331604
0,846 0,331628
0,847 0,331651
0,848 0,331674
0,849 0,331697
0,85 0,33172
0,851 0,331742
0,852 0,331764
0,853 0,331785
0,854 0,331807
0,855 0,331828
0,856 0,331849
0,857 0,331869
0,858 0,331889
0,859 0,331909
0,86 0,331929
0,861 0,331948
0,862 0,331967
0,863 0,331986
0,864 0,332004
0,865 0,332022
0,866 0,33204
0,867 0,332058
0,868 0,332076
0,869 0,332093
0,87 0,33211
0,871 0,332126
0,872 0,332143
0,873 0,332159
0,874 0,332175
0,875 0,33219
0,876 0,332206
0,877 0,332221
0,878 0,332236
0,879 0,33225
0,88 0,332265
0,881 0,332279
0,882 0,332293
0,883 0,332306
0,884 0,33232
0,885 0,332333
0,886 0,332346
0,887 0,332359
0,888 0,332371
0,889 0,332384
0,89 0,332396
0,891 0,332408
0,892 0,332419
0,893 0,332431
0,894 0,332442
0,895 0,332453
0,896 0,332464
0,897 0,332475
0,898 0,332485
0,899 0,332495
0,9 0,332505
0,901 0,332515
0,902 0,332525
0,903 0,332534
0,904 0,332543
0,905 0,332552
0,906 0,332561
0,907 0,33257
0,908 0,332578
0,909 0,332586
0,91 0,332595
0,911 0,332602
0,912 0,33261
0,913 0,332618
0,914 0,332625
0,915 0,332632
0,916 0,332639
0,917 0,332646
0,918 0,332653
0,919 0,33266
0,92 0,332666
0,921 0,332672
0,922 0,332678
0,923 0,332684
0,924 0,33269
0,925 0,332696
0,926 0,332701
0,927 0,332706
0,928 0,332712
0,929 0,332717
0,93 0,332722
0,931 0,332726
0,932 0,332731
0,933 0,332735
0,934 0,33274
0,935 0,332744
0,936 0,332748
0,937 0,332752
0,938 0,332756
0,939 0,33276
0,94 0,332763
0,941 0,332767
0,942 0,33277
0,943 0,332773
0,944 0,332777
0,945 0,33278
0,946 0,332782
0,947 0,332785
0,948 0,332788
0,949 0,332791
0,95 0,332793
0,951 0,332795
0,952 0,332798
0,953 0,3328
0,954 0,332802
0,955 0,332804
0,956 0,332806
0,957 0,332808
0,958 0,33281
0,959 0,332811
0,96 0,332813
0,961 0,332814
0,962 0,332816
0,963 0,332817
0,964 0,332819
0,965 0,33282
0,966 0,332821
0,967 0,332822
0,968 0,332823
0,969 0,332824
0,97 0,332825
0,971 0,332826
0,972 0,332827
0,973 0,332827
0,974 0,332828
0,975 0,332829
0,976 0,332829
0,977 0,33283
0,978 0,33283
0,979 0,332831
0,98 0,332831
0,981 0,332831
0,982 0,332832
0,983 0,332832
0,984 0,332832
0,985 0,332832
0,986 0,332833
0,987 0,332833
0,988 0,332833
0,989 0,332833
0,99 0,332833
0,991 0,332833
0,992 0,332833
0,993 0,332833
0,994 0,332833
0,995 0,332833
0,996 0,332833
0,997 0,332833
0,998 0,332833
0,999 0,332833
1 0,332833
