0,001 0,001
0,002 0,001998
0,003 0,00299401
0,004 0,00398801
0,005 0,00498003
0,006 0,00597006
0,007 0,00695809
0,008 0,00794414
0,009 0,0089282
0,01 0,00991029
0,011 0,0108904
0,012 0,0118685
0,013 0,0128447
0,014 0,0138188
0,015 0,014791
0,016 0,0157612
0,017 0,0167295
0,018 0,0176958
0,019 0,0186601
0,02 0,0196225
0,021 0,0205829
0,022 0,0215413
0,023 0,0224978
0,024 0,0234523
0,025 0,0244049
0,026 0,0253555
0,027 0,0263042
0,028 0,0272509
0,029 0,0281957
0,03 0,0291386
0,031 0,0300795
0,032 0,0310184
0,033 0,0319554
0,034 0,0328905
0,035 0,0338237
0,036 0,0347549
0,037 0,0356842
0,038 0,0366116
0,039 0,037537
0,04 0,0384605
0,041 0,0393821
0,042 0,0403018
0,043 0,0412196
0,044 0,0421354
0,045 0,0430494
0,046 0,0439614
0,047 0,0448715
0,048 0,0457797
0,049 0,046686
0,05 0,0475904
0,051 0,0484929
0,052 0,0493935
0,053 0,0502922
0,054 0,051189
0,055 0,052084
0,056 0,052977
0,057 0,0538681
0,058 0,0547574
0,059 0,0556447
0,06 0,0565302
0,061 0,0574138
0,062 0,0582955
0,063 0,0591754
0,064 0,0600533
0,065 0,0609294
0,066 0,0618037
0,067 0,062676
0,068 0,0635465
0,069 0,0644151
0,07 0,0652819
0,071 0,0661468
0,072 0,0670098
0,073 0,067871
0,074 0,0687303
0,075 0,0695878
0,076 0,0704434
0,077 0,0712972
0,078 0,0721492
0,079 0,0729992
0,08 0,0738475
0,081 0,0746939
0,082 0,0755384
0,083 0,0763812
0,084 0,0772221
0,085 0,0780611
0,086 0,0788983
0,087 0,0797337
0,088 0,0805673
0,089 0,081399
0,09 0,082229
0,091 0,0830571
0,092 0,0838833
0,093 0,0847078
0,094 0,0855305
0,095 0,0863513
0,096 0,0871703
0,097 0,0879875
0,098 0,0888029
0,099 0,0896165
0,1 0,0904283
0,101 0,0912383
0,102 0,0920466
0,103 0,092853
0,104 0,0936576
0,105 0,0944604
0,106 0,0952614
0,107 0,0960606
0,108 0,0968581
0,109 0,0976538
0,11 0,0984476
0,111 0,0992397
0,112 0,10003
0,113 0,100819
0,114 0,101605
0,115 0,10239
0,116 0,103174
0,117 0,103955
0,118 0,104735
0,119 0,105513
0,12 0,106289
0,121 0,107063
0,122 0,107836
0,123 0,108607
0,124 0,109376
0,125 0,110143
0,126 0,110909
0,127 0,111673
0,128 0,112435
0,129 0,113195
0,13 0,113954
0,131 0,114711
0,132 0,115466
0,133 0,116219
0,134 0,116971
0,135 0,117721
0,136 0,118469
0,137 0,119216
0,138 0,119961
0,139 0,120704
0,14 0,121445
0,141 0,122184
0,142 0,122922
0,143 0,123659
0,144 0,124393
0,145 0,125126
0,146 0,125857
0,147 0,126586
0,148 0,127314
0,149 0,12804
0,15 0,128764
0,151 0,129486
0,152 0,130207
0,153 0,130926
0,154 0,131644
0,155 0,132359
0,156 0,133073
0,157 0,133786
0,158 0,134496
0,159 0,135205
0,16 0,135913
0,161 0,136618
0,162 0,137322
0,163 0,138024
0,164 0,138725
0,165 0,139424
0,166 0,140121
0,167 0,140817
0,168 0,14151
0,169 0,142203
0,17 0,142893
0,171 0,143582
0,172 0,144269
0,173 0,144955
0,174 0,145639
0,175 0,146321
0,176 0,147002
0,177 0,147681
0,178 0,148358
0,179 0,149034
0,18 0,149708
0,181 0,15038
0,182 0,151051
0,183 0,15172
0,184 0,152388
0,185 0,153053
0,186 0,153718
0,187 0,15438
0,188 0,155041
0,189 0,155701
0,19 0,156358
0,191 0,157014
0,192 0,157669
0,193 0,158322
0,194 0,158973
0,195 0,159623
0,196 0,160271
0,197 0,160917
0,198 0,161562
0,199 0,162205
0,2 0,162847
0,201 0,163487
0,202 0,164125
0,203 0,164762
0,204 0,165397
0,205 0,166031
0,206 0,166663
0,207 0,167293
0,208 0,167922
0,209 0,168549
0,21 0,169175
0,211 0,169799
0,212 0,170422
0,213 0,171043
0,214 0,171662
0,215 0,17228
0,216 0,172896
0,217 0,173511
0,218 0,174124
0,219 0,174735
0,22 0,175345
0,221 0,175954
0,222 0,17656
0,223 0,177166
0,224 0,177769
0,225 0,178372
0,226 0,178972
0,227 0,179571
0,228 0,180169
0,229 0,180765
0,23 0,181359
0,231 0,181952
0,232 0,182544
0,233 0,183133
0,234 0,183722
0,235 0,184308
0,236 0,184894
0,237 0,185477
0,238 0,186059
0,239 0,18664
0,24 0,187219
0,241 0,187797
0,242 0,188373
0,243 0,188947
0,244 0,189521
0,245 0,190092
0,246 0,190662
0,247 0,191231
0,248 0,191798
0,249 0,192363
0,25 0,192927
0,251 0,19349
0,252 0,194051
0,253 0,19461
0,254 0,195168
0,255 0,195725
0,256 0,19628
0,257 0,196833
0,258 0,197385
0,259 0,197936
0,26 0,198485
0,261 0,199033
0,262 0,199579
0,263 0,200123
0,264 0,200666
0,265 0,201208
0,266 0,201748
0,267 0,202287
0,268 0,202824
0,269 0,20336
0,27 0,203895
0,271 0,204427
0,272 0,204959
0,273 0,205489
0,274 0,206017
0,275 0,206545
0,276 0,20707
0,277 0,207594
0,278 0,208117
0,279 0,208638
0,28 0,209158
0,281 0,209677
0,282 0,210194
0,283 0,210709
0,284 0,211223
0,285 0,211736
0,286 0,212247
0,287 0,212757
0,288 0,213265
0,289 0,213772
0,29 0,214278
0,291 0,214782
0,292 0,215284
0,293 0,215786
0,294 0,216286
0,295 0,216784
0,296 0,217281
0,297 0,217777
0,298 0,218271
0,299 0,218764
0,3 0,219255
0,301 0,219745
0,302 0,220234
0,303 0,220721
0,304 0,221207
0,305 0,221691
0,306 0,222174
0,307 0,222656
0,308 0,223136
0,309 0,223615
0,31 0,224092
0,311 0,224568
0,312 0,225043
0,313 0,225516
0,314 0,225988
0,315 0,226459
0,316 0,226928
0,317 0,227396
0,318 0,227863
0,319 0,228328
0,32 0,228792
0,321 0,229254
0,322 0,229715
0,323 0,230175
0,324 0,230633
0,325 0,23109
0,326 0,231546
0,327 0,232
0,328 0,232453
0,329 0,232904
0,33 0,233355
0,331 0,233804
0,332 0,234251
0,333 0,234697
0,334 0,235142
0,335 0,235586
0,336 0,236028
0,337 0,236469
0,338 0,236908
0,339 0,237347
0,34 0,237784
0,341 0,238219
0,342 0,238653
0,343 0,239086
0,344 0,239518
0,345 0,239948
0,346 0,240377
0,347 0,240805
0,348 0,241232
0,349 0,241657
0,35 0,24208
0,351 0,242503
0,352 0,242924
0,353 0,243344
0,354 0,243763
0,355 0,24418
0,356 0,244596
0,357 0,245011
0,358 0,245424
0,359 0,245836
0,36 0,246247
0,361 0,246657
0,362 0,247065
0,363 0,247472
0,364 0,247878
0,365 0,248282
0,366 0,248686
0,367 0,249088
0,368 0,249488
0,369 0,249888
0,37 0,250286
0,371 0,250683
0,372 0,251078
0,373 0,251473
0,374 0,251866
0,375 0,252258
0,376 0,252648
0,377 0,253038
0,378 0,253426
0,379 0,253813
0,38 0,254199
0,381 0,254583
0,382 0,254966
0,383 0,255348
0,384 0,255729
0,385 0,256108
0,386 0,256486
0,387 0,256863
0,388 0,257239
0,389 0,257614
0,39 0,257987
0,391 0,258359
0,392 0,25873
0,393 0,2591
0,394 0,259468
0,395 0,259835
0,396 0,260201
0,397 0,260566
0,398 0,26093
0,399 0,261292
0,4 0,261653
0,401 0,262013
0,402 0,262372
0,403 0,26273
0,404 0,263086
0,405 0,263441
0,406 0,263795
0,407 0,264148
0,408 0,2645
0,409 0,26485
0,41 0,2652
0,411 0,265548
0,412 0,265895
0,413 0,26624
0,414 0,266585
0,415 0,266928
0,416 0,267271
0,417 0,267612
0,418 0,267952
0,419 0,26829
0,42 0,268628
0,421 0,268964
0,422 0,2693
0,423 0,269634
0,424 0,269967
0,425 0,270298
0,426 0,270629
0,427 0,270958
0,428 0,271287
0,429 0,271614
0,43 0,27194
0,431 0,272265
0,432 0,272589
0,433 0,272911
0,434 0,273233
0,435 0,273553
0,436 0,273872
0,437 0,27419
0,438 0,274507
0,439 0,274823
0,44 0,275138
0,441 0,275452
0,442 0,275764
0,443 0,276075
0,444 0,276386
0,445 0,276695
0,446 0,277003
0,447 0,27731
0,448 0,277616
0,449 0,27792
0,45 0,278224
0,451 0,278526
0,452 0,278828
0,453 0,279128
0,454 0,279427
0,455 0,279725
0,456 0,280022
0,457 0,280318
0,458 0,280613
0,459 0,280907
0,46 0,2812
0,461 0,281491
0,462 0,281782
0,463 0,282071
0,464 0,28236
0,465 0,282647
0,466 0,282933
0,467 0,283218
0,468 0,283502
0,469 0,283785
0,47 0,284067
0,471 0,284348
0,472 0,284628
0,473 0,284907
0,474 0,285185
0,475 0,285461
0,476 0,285737
0,477 0,286011
0,478 0,286285
0,479 0,286557
0,48 0,286829
0,481 0,287099
0,482 0,287369
0,483 0,287637
0,484 0,287904
0,485 0,288171
0,486 0,288436
0,487 0,2887
0,488 0,288963
0,489 0,289225
0,49 0,289486
0,491 0,289746
0,492 0,290006
0,493 0,290264
0,494 0,290521
0,495 0,290777
0,496 0,291032
0,497 0,291286
0,498 0,291539
0,499 0,291791
0,5 0,292042
0,501 0,292292
0,502 0,292541
0,503 0,292789
0,504 0,293036
0,505 0,293282
0,506 0,293527
0,507 0,293771
0,508 0,294014
0,509 0,294256
0,51 0,294497
0,511 0,294737
0,512 0,294976
0,513 0,295214
0,514 0,295452
0,515 0,295688
0,516 0,295923
0,517 0,296157
0,518 0,296391
0,519 0,296623
0,52 0,296854
0,521 0,297085
0,522 0,297314
0,523 0,297543
0,524 0,29777
0,525 0,297997
0,526 0,298222
0,527 0,298447
0,528 0,298671
0,529 0,298893
0,53 0,299115
0,531 0,299336
0,532 0,299556
0,533 0,299775
0,534 0,299993
0,535 0,30021
0,536 0,300427
0,537 0,300642
0,538 0,300856
0,539 0,30107
0,54 0,301282
0,541 0,301494
0,542 0,301705
0,543 0,301914
0,544 0,302123
0,545 0,302331
0,546 0,302538
0,547 0,302744
0,548 0,302949
0,549 0,303154
0,55 0,303357
0,551 0,30356
0,552 0,303761
0,553 0,303962
0,554 0,304162
0,555 0,304361
0,556 0,304559
0,557 0,304756
0,558 0,304952
0,559 0,305147
0,56 0,305342
0,561 0,305536
0,562 0,305728
0,563 0,30592
0,564 0,306111
0,565 0,306301
0,566 0,30649
0,567 0,306679
0,568 0,306866
0,569 0,307053
0,57 0,307239
0,571 0,307424
0,572 0,307608
0,573 0,307791
0,574 0,307973
0,575 0,308155
0,576 0,308335
0,577 0,308515
0,578 0,308694
0,579 0,308872
0,58 0,309049
0,581 0,309226
0,582 0,309401
0,583 0,309576
0,584 0,30975
0,585 0,309923
0,586 0,310095
0,587 0,310266
0,588 0,310437
0,589 0,310607
0,59 0,310776
0,591 0,310944
0,592 0,311111
0,593 0,311278
0,594 0,311443
0,595 0,311608
0,596 0,311772
0,597 0,311935
0,598 0,312098
0,599 0,312259
0,6 0,31242
0,601 0,31258
0,602 0,312739
0,603 0,312898
0,604 0,313055
0,605 0,313212
0,606 0,313368
0,607 0,313523
0,608 0,313678
0,609 0,313832
0,61 0,313984
0,611 0,314136
0,612 0,314288
0,613 0,314438
0,614 0,314588
0,615 0,314737
0,616 0,314885
0,617 0,315033
0,618 0,315179
0,619 0,315325
0,62 0,315471
0,621 0,315615
0,622 0,315759
0,623 0,315901
0,624 0,316044
0,625 0,316185
0,626 0,316326
0,627 0,316466
0,628 0,316605
0,629 0,316743
0,63 0,316881
0,631 0,317018
0,632 0,317154
0,633 0,317289
0,634 0,317424
0,635 0,317558
0,636 0,317691
0,637 0,317824
0,638 0,317955
0,639 0,318086
0,64 0,318217
0,641 0,318346
0,642 0,318475
0,643 0,318603
0,644 0,318731
0,645 0,318857
0,646 0,318983
0,647 0,319109
0,648 0,319233
0,649 0,319357
0,65 0,319481
0,651 0,319603
0,652 0,319725
0,653 0,319846
0,654 0,319966
0,655 0,320086
0,656 0,320205
0,657 0,320323
0,658 0,320441
0,659 0,320558
0,66 0,320674
0,661 0,32079
0,662 0,320905
0,663 0,321019
0,664 0,321133
0,665 0,321246
0,666 0,321358
0,667 0,321469
0,668 0,32158
0,669 0,32169
0,67 0,3218
0,671 0,321909
0,672 0,322017
0,673 0,322125
0,674 0,322232
0,675 0,322338
0,676 0,322444
0,677 0,322549
0,678 0,322653
0,679 0,322757
0,68 0,32286
0,681 0,322962
0,682 0,323064
0,683 0,323165
0,684 0,323265
0,685 0,323365
0,686 0,323464
0,687 0,323563
0,688 0,323661
0,689 0,323758
0,69 0,323855
0,691 0,323951
0,692 0,324047
0,693 0,324142
0,694 0,324236
0,695 0,324329
0,696 0,324422
0,697 0,324515
0,698 0,324607
0,699 0,324698
0,7 0,324788
0,701 0,324878
0,702 0,324968
0,703 0,325057
0,704 0,325145
0,705 0,325232
0,706 0,32532
0,707 0,325406
0,708 0,325492
0,709 0,325577
0,71 0,325662
0,711 0,325746
0,712 0,325829
0,713 0,325912
0,714 0,325995
0,715 0,326076
0,716 0,326158
0,717 0,326238
0,718 0,326318
0,719 0,326398
0,72 0,326477
0,721 0,326555
0,722 0,326633
0,723 0,32671
0,724 0,326787
0,725 0,326863
0,726 0,326939
0,727 0,327014
0,728 0,327089
0,729 0,327163
0,73 0,327236
0,731 0,327309
0,732 0,327381
0,733 0,327453
0,734 0,327524
0,735 0,327595
0,736 0,327665
0,737 0,327735
0,738 0,327804
0,739 0,327873
0,74 0,327941
0,741 0,328009
0,742 0,328076
0,743 0,328142
0,744 0,328208
0,745 0,328274
0,746 0,328339
0,747 0,328403
0,748 0,328467
0,749 0,328531
0,75 0,328594
0,751 0,328656
0,752 0,328718
0,753 0,32878
0,754 0,328841
0,755 0,328901
0,756 0,328961
0,757 0,329021
0,758 0,32908
0,759 0,329139
0,76 0,329197
0,761 0,329254
0,762 0,329311
0,763 0,329368
0,764 0,329424
0,765 0,32948
0,766 0,329535
0,767 0,32959
0,768 0,329644
0,769 0,329698
0,77 0,329751
0,771 0,329804
0,772 0,329857
0,773 0,329909
0,774 0,32996
0,775 0,330011
0,776 0,330062
0,777 0,330112
0,778 0,330162
0,779 0,330211
0,78 0,33026
0,781 0,330308
0,782 0,330356
0,783 0,330404
0,784 0,330451
0,785 0,330498
0,786 0,330544
0,787 0,33059
0,788 0,330635
0,789 0,33068
0,79 0,330724
0,791 0,330769
0,792 0,330812
0,793 0,330855
0,794 0,330898
0,795 0,330941
0,796 0,330983
0,797 0,331024
0,798 0,331066
0,799 0,331106
0,8 0,331147
0,801 0,331187
0,802 0,331226
0,803 0,331266
0,804 0,331304
0,805 0,331343
0,806 0,331381
0,807 0,331418
0,808 0,331456
0,809 0,331493
0,81 0,331529
0,811 0,331565
0,812 0,331601
0,813 0,331636
0,814 0,331671
0,815 0,331706
0,816 0,33174
0,817 0,331774
0,818 0,331807
0,819 0,331841
0,82 0,331873
0,821 0,331906
0,822 0,331938
0,823 0,331969
0,824 0,332001
0,825 0,332032
0,826 0,332062
0,827 0,332093
0,828 0,332123
0,829 0,332152
0,83 0,332181
0,831 0,33221
0,832 0,332239
0,833 0,332267
0,834 0,332295
0,835 0,332322
0,836 0,33235
0,837 0,332377
0,838 0,332403
0,839 0,332429
0,84 0,332455
0,841 0,332481
0,842 0,332506
0,843 0,332531
0,844 0,332556
0,845 0,33258
0,846 0,332604
0,847 0,332628
0,848 0,332651
0,849 0,332674
0,85 0,332697
0,851 0,33272
0,852 0,332742
0,853 0,332764
0,854 0,332785
0,855 0,332807
0,856 0,332828
0,857 0,332849
0,858 0,332869
0,859 0,332889
0,86 0,332909
0,861 0,332929
0,862 0,332948
0,863 0,332967
0,864 0,332986
0,865 0,333004
0,866 0,333022
0,867 0,33304
0,868 0,333058
0,869 0,333076
0,87 0,333093
0,871 0,33311
0,872 0,333126
0,873 0,333143
0,874 0,333159
0,875 0,333175
0,876 0,33319
0,877 0,333206
0,878 0,333221
0,879 0,333236
0,88 0,33325
0,881 0,333265
0,882 0,333279
0,883 0,333293
0,884 0,333306
0,885 0,33332
0,886 0,333333
0,887 0,333346
0,888 0,333359
0,889 0,333371
0,89 0,333384
0,891 0,333396
0,892 0,333408
0,893 0,333419
0,894 0,333431
0,895 0,333442
0,896 0,333453
0,897 0,333464
0,898 0,333475
0,899 0,333485
0,9 0,333495
0,901 0,333505
0,902 0,333515
0,903 0,333525
0,904 0,333534
0,905 0,333543
0,906 0,333552
0,907 0,333561
0,908 0,33357
0,909 0,333578
0,91 0,333586
0,911 0,333595
0,912 0,333602
0,913 0,33361
0,914 0,333618
0,915 0,333625
0,916 0,333632
0,917 0,333639
0,918 0,333646
0,919 0,333653
0,92 0,33366
0,921 0,333666
0,922 0,333672
0,923 0,333678
0,924 0,333684
0,925 0,33369
0,926 0,333696
0,927 0,333701
0,928 0,333706
0,929 0,333712
0,93 0,333717
0,931 0,333722
0,932 0,333726
0,933 0,333731
0,934 0,333735
0,935 0,33374
0,936 0,333744
0,937 0,333748
0,938 0,333752
0,939 0,333756
0,94 0,33376
0,941 0,333763
0,942 0,333767
0,943 0,33377
0,944 0,333773
0,945 0,333777
0,946 0,33378
0,947 0,333782
0,948 0,333785
0,949 0,333788
0,95 0,333791
0,951 0,333793
0,952 0,333795
0,953 0,333798
0,954 0,3338
0,955 0,333802
0,956 0,333804
0,957 0,333806
0,958 0,333808
0,959 0,33381
0,96 0,333811
0,961 0,333813
0,962 0,333814
0,963 0,333816
0,964 0,333817
0,965 0,333819
0,966 0,33382
0,967 0,333821
0,968 0,333822
0,969 0,333823
0,97 0,333824
0,971 0,333825
0,972 0,333826
0,973 0,333827
0,974 0,333827
0,975 0,333828
0,976 0,333829
0,977 0,333829
0,978 0,33383
0,979 0,33383
0,98 0,333831
0,981 0,333831
0,982 0,333831
0,983 0,333832
0,984 0,333832
0,985 0,333832
0,986 0,333832
0,987 0,333833
0,988 0,333833
0,989 0,333833
0,99 0,333833
0,991 0,333833
0,992 0,333833
0,993 0,333833
0,994 0,333833
0,995 0,333833
0,996 0,333833
0,997 0,333833
0,998 0,333833
0,999 0,333833
1 0,333833
